000004
000007
000009
000011
000016
000017
000018
000024
000035
000036
000037
000038
000042
000044
000046
000047
000049
000051
000052
000059
000060
000064
000067
000068
000071
000072
000079
000080
000087
000091
000092
000093
000095
000098
000101
000104
000106
000108
000111
000114
000121
000122
000124
000125
000127
000128
000131
000132
000134
000135
000137
000138
000139
000141
000142
000143
000144
000145
000146
000148
000149
000150
000151
000154
000155
000158
000159
000160
000161
000162
000164
000165
000166
000168
000170
000171
000172
000177
000178
000179
000184
000186
000190
000191
000192
000197
000200
000204
000205
000207
000216
000218
000219
000221
000222
000225
000228
000229
000231
000234
000235
000236
000237
000238
000246
000248
000249
000253
000254
000255
000256
000257
000258
000264
000267
000268
000270
000271
000273
000274
000275
000276
000281
000285
000286
000289
000292
000295
000296
000297
000300
000301
000303
000306
000307
000308
000310
000316
000319
000325
000326
000329
000330
000332
000333
000339
000344
000345
000347
000348
000349
000350
000351
000357
000359
000360
000361
000363
000366
000367
000369
000371
000374
000376
000378
000380
000384
000386
000387
000389
000391
000400
000404
000405
000406
000409
000410
000412
000413
000419
000421
000422
000423
000427
000429
000432
000433
000434
000438
000440
000445
000447
000448
000449
000452
000453
000454
000457
000462
000468
000471
000475
000479
000480
000481
000482
000483
000484
000486
000488
000489
000490
000492
000494
000495
000500
000501
000502
000503
000506
000508
000512
000513
000514
000515
000516
000521
000522
000524
000525
000527
000533
000535
000536
000540
000542
000551
000553
000555
000558
000559
000560
000561
000562
000569
000571
000572
000576
000582
000583
000585
000586
000589
000591
000592
000593
000594
000595
000599
000600
000601
000602
000605
000607
000610
000611
000613
000617
000618
000628
000630
000631
000632
000635
000638
000642
000643
000647
000650
000651
000652
000654
000655
000658
000659
000661
000669
000674
000679
000683
000684
000685
000699
000700
000702
000705
000708
000712
000713
000716
000718
000723
000724
000725
000727
000732
000733
000735
000739
000741
000742
000743
000745
000747
000748
000749
000750
000752
000755
000756
000758
000762
000763
000764
000765
000767
000768
000771
000772
000773
000780
000785
000787
000792
000795
000796
000797
000798
000799
000800
000802
000803
000804
000805
000807
000808
000812
000814
000815
000816
000819
000820
000829
000830
000832
000833
000836
000837
000843
000846
000847
000848
000850
000853
000854
000855
000857
000868
000869
000870
000871
000872
000876
000877
000878
000879
000881
000882
000886
000890
000893
000896
000897
000902
000904
000906
000910
000914
000916
000917
000918
000919
000924
000929
000933
000935
000936
000938
000939
000940
000942
000943
000946
000949
000956
000959
000962
000963
000964
000965
000967
000970
000974
000975
000979
000980
000982
000985
000988
000992
000993
000998
000999
001004
001008
001013
001015
001016
001021
001022
001023
001027
001030
001032
001039
001043
001045
001049
001050
001052
001054
001056
001058
001060
001063
001064
001068
001069
001070
001071
001072
001075
001076
001080
001081
001082
001083
001093
001094
001095
001098
001100
001101
001102
001103
001104
001109
001111
001115
001117
001118
001128
001131
001133
001136
001137
001138
001139
001140
001143
001145
001148
001150
001152
001154
001157
001158
001159
001162
001165
001167
001168
001171
001172
001175
001177
001184
001193
001195
001199
001200
001209
001213
001216
001218
001225
001226
001227
001229
001230
001232
001236
001243
001244
001245
001247
001248
001255
001257
001262
001263
001264
001269
001270
001275
001276
001278
001280
001281
001287
001289
001290
001291
001292
001295
001296
001301
001303
001304
001305
001306
001307
001308
001311
001313
001316
001317
001318
001320
001321
001322
001326
001329
001330
001331
001341
001346
001347
001349
001351
001352
001355
001359
001363
001366
001368
001370
001371
001373
001378
001383
001387
001388
001390
001396
001398
001402
001403
001404
001407
001408
001409
001410
001413
001414
001419
001424
001426
001429
001430
001435
001436
001438
001439
001442
001446
001447
001452
001455
001457
001459
001461
001463
001464
001465
001466
001468
001469
001470
001471
001472
001479
001480
001481
001483
001484
001485
001490
001491
001498
001499
001503
001505
001506
001507
001510
001511
001514
001515
001516
001517
001518
001522
001523
001524
001527
001528
001530
001532
001533
001534
001536
001537
001538
001539
001542
001546
001556
001564
001565
001569
001576
001580
001588
001595
001600
001602
001603
001604
001607
001608
001612
001616
001617
001621
001625
001627
001628
001630
001634
001637
001639
001640
001646
001648
001652
001658
001659
001660
001663
001671
001672
001674
001675
001681
001682
001684
001685
001686
001687
001688
001690
001691
001693
001696
001697
001701
001705
001707
001708
001711
001713
001714
001716
001718
001719
001722
001726
001727
001730
001737
001738
001741
001742
001744
001745
001747
001750
001751
001753
001755
001756
001759
001760
001762
001763
001764
001766
001767
001770
001776
001784
001785
001786
001787
001788
001791
001792
001793
001794
001798
001799
001802
001803
001806
001807
001808
001810
001812
001813
001814
001816
001818
001824
001828
001836
001837
001840
001841
001842
001843
001844
001847
001850
001851
001853
001855
