001115
000829
000154
000155
000150
000098
000095
000091
000159
000628
000092
001306
001307
001304
001305
001303
000258
000257
000256
000255
000254
000253
001308
001295
000820
001564
001711
001713
001714
001716
001719
001718
001658
001659
001396
001652
000970
000024
000151
000533
001436
000438
000536
000535
000433
000432
001438
001439
000434
000101
001413
001004
001426
000158
001363
001480
001483
001485
000093
001104
000902
000326
000325
000289
000285
000286
000281
000329
000992
000993
001505
000448
000449
000998
000447
000445
000440
001139
000756
001131
001133
000391
001137
001136
001479
000843
000755
000846
000847
000752
000848
000745
000747
000669
000741
000216
000743
000742
000190
000191
000219
000218
000749
000748
000197
001225
001227
001226
001341
001229
001347
000758
000699
001616
001617
001612
000064
000067
000060
000068
000267
000264
000108
000106
000104
000268
001043
001045
001049
000881
001103
001682
001681
001687
001686
001685
001684
001760
001762
001688
001764
001766
001767
001763
000479
001368
000400
000406
000404
000405
000363
000814
000361
000409
000367
000366
000812
000569
001469
001468
001466
001465
001464
000561
000560
001461
000562
001402
001527
001523
001532
000963
000962
000965
000964
000967
001398
001727
000708
001388
000319
000316
000700
000702
000705
001383
000310
001140
001143
001145
001148
000490
001263
000492
000495
000494
001390
000792
000796
000797
001281
000795
000798
000799
000131
001588
001109
001580
000143
000142
000141
000631
000146
000145
000632
000149
000148
000638
000816
000384
000387
000386
001311
000380
001313
001457
000222
000221
000389
001318
000225
001452
001101
001646
001387
001102
001459
001726
000988
001628
000369
001722
001648
001516
000819
000985
000137
000134
000135
000132
001542
000038
000037
000036
000035
000138
000139
000815
001511
000980
000521
000919
000929
000522
000525
000524
000527
001424
000910
001429
000914
000916
000917
001039
001030
001032
001351
000350
000351
000357
001435
000292
000359
000297
000296
000295
000594
000595
001455
001100
000591
000592
000593
001517
000454
000457
001514
000599
000453
000452
001289
001463
000850
000853
000855
000854
000857
000924
000186
000184
000679
000771
000772
000773
000674
001359
001213
001216
001218
001352
001355
000161
000160
001008
001608
001603
001602
001600
001607
001199
001604
000072
000071
000079
000275
000274
000178
000179
000271
000270
000273
000172
000170
000171
000177
001193
001058
001776
001321
001075
001076
001070
001071
001072
001674
001675
001672
001671
000007
000004
000009
000635
001759
000410
000413
000412
001556
000419
000558
000559
001419
000551
001410
000553
000555
001414
001371
001481
001786
001784
001785
000959
000956
001484
000735
001060
000982
000732
000733
000739
001255
001524
001257
001522
000308
000307
000306
000301
000300
000303
001094
001095
001093
001159
001158
001157
001154
001152
001098
001150
000780
000785
000787
001630
000600
000601
000602
001738
000605
000607
001637
001320
000238
001322
001326
000231
001329
000235
000234
000237
000236
001316
001269
001430
001730
001546
001634
001639
001737
000125
000124
000127
000049
000121
000122
000042
000046
000128
000044
001503
001027
001262
001023
001022
001021
000514
000515
000516
001507
000512
000513
001518
000999
001747
001744
001745
001742
001741
000808
001528
000804
000345
000344
000347
001138
000349
000348
000371
000583
000582
001111
001446
001117
000586
000585
001442
001290
001291
000462
001118
001264
001296
001565
001349
001515
000906
001595
000904
000868
000869
000647
000642
000643
000047
000886
001366
000882
000768
000767
000765
000764
000763
000762
000542
001167
001165
001162
001209
000939
001168
001200
001576
000935
000421
000276
000087
000080
000168
000246
000248
000249
000162
000165
000164
000166
000918
000589
000630
001510
001069
001068
001707
001701
001705
001063
001708
000144
001064
001660
001663
000017
000016
000011
000018
001404
001184
001407
000933
000429
000938
000540
000936
000427
000228
000422
000423
001409
001408
000229
001016
001403
001015
001013
000360
000979
000949
001491
000943
000942
001498
000940
000946
000723
001278
000727
000725
000724
000683
000684
000685
001243
000339
001537
001536
001247
001530
001245
001244
000330
000332
000333
001539
000192
001128
000661
001081
001080
001083
001082
001770
001490
000837
000836
000833
000832
000830
000204
000205
000207
000200
000750
000618
000617
000613
000611
000610
001236
001499
001232
001230
000897
001331
001330
001370
001292
001621
001177
001625
001627
001346
000059
000111
000114
000051
000052
001640
001052
001050
000508
001056
001054
000503
000502
000501
000500
000506
001195
001696
001697
001690
001691
001693
001755
001756
001751
001750
001753
001506
001534
001317
001270
001287
000475
000378
001533
000471
001280
000374
000807
000376
000805
000802
000803
000800
001470
001471
001472
000576
001301
000572
000571
001248
001276
001538
000879
000878
000974
000975
000872
000871
000870
000877
000876
000652
000651
000650
000655
000654
000659
000658
001373
000718
000896
000890
000893
000712
000713
001378
000716
001175
000468
000488
000489
001171
001172
000482
000483
000480
000481
000486
001447
000484
001275
001569
